Simulation time 60.030712
null:10.573273
EventRoom:2.9176245
MainHall.Library:23.587664
MainHall.Entrance:2.5568917
LobbyEventRoom.Hall:21.213036
BackGate:1.4653958
Class2:2.101137
Class3:2.8078616
ClassesLobby.Class5:2.1439548
ClassesLobby.Class3:1.7325413
ClassesLobby.Class2:3.1463141
HallBackGate.Lobby:37.840107
Library:0.25437224
HallBackGate.Cafeteria:4.023701
.
EventRoom:0
LobbyCafeteria:0
MainHall.Library:725
Class4:594
Class5:883
MainHall.Entrance:657
LobbyEventRoom.Hall:446
BackGate:186
CafeteriaHall:0
Class1:609
Council:0
Class2:386
Class3:315
ClassesLobby.Class5:420
ClassesLobby.Class4:299
ClassesLobby.Class3:120
ClassesLobby.Class2:359
MainGate:831
Council2:0
HallBackGate.Lobby:473
Library:0
ClassesLobby.Class1:481
HallBackGate.Cafeteria:0
ProfessorsCafeteria:0
