Simulation time 60.071854
null:0.94187814
ClassesLobby.Class2:0.3202754
MainGate:1.2405405
LobbyCafeteria:1.8274219
HallBackGate.Lobby:2.6016927
MainHall.Entrance:2.1354551
ElevatorsLobby:8.957085
ClassesLobby.Class1:2.6760285
BackGate:0.19094697
HallBackGate.Cafeteria:2.7001886
.
Class4:367
LobbyCafeteria:189
MainHall.Library:267
Class5:275
MainHall.Entrance:424
LobbyEventRoom.Hall:140
Class1:257
CafeteriaHall:0
BackGate:1479
Class2:168
Council:0
Class3:597
ClassesLobby.Class5:374
ClassesLobby.Class4:273
ClassesLobby.Class3:267
ClassesLobby.Class2:365
Council2:0
MainGate:1252
HallBackGate.Lobby:327
ClassesLobby.Class1:533
ElevatorsLobby:389
HallBackGate.Cafeteria:0