Simulation time 60.11805
ClassesLobby.Class5:0.856346
null:25.868917
ClassesLobby.Class4:2.4493513
ClassesLobby.Class3:2.0451531
MainGate:5.650852
LobbyCafeteria:1.8086243
Class5:2.5946536
MainHall.Entrance:1.8052742
ElevatorsLobby:41.656933
CafeteriaHall:20.405016
Class3:2.1571853
.
LobbyEventRoom.EventRoom:51
MainHall.Library:467
MainHall.Entrance:562
BackGate:950
CafeteriaHall:98
Council:0
MainGate:1200
ElevatorsLobby:334
StudentsCafeteria:359
EventRoom:503
Class4:704
LobbyCafeteria:267
Class5:1116
LobbyEventRoom.Hall:270
Class1:876
Class2:592
Class3:687
ClassesLobby.Class5:409
ClassesLobby.Class4:369
ClassesLobby.Class3:488
ClassesLobby.Class2:675
Council2:0
HallBackGate.Lobby:197
Library:0
ClassesLobby.Class1:691
HallBackGate.Cafeteria:0