Simulation time 60.02378
null:0.92351836
ClassesLobby.Class5:2.4088233
ClassesLobby.Class4:2.973487
ClassesLobby.Class3:2.4166608
ClassesLobby.Class2:2.5110424
Council2:0.4148144
Class4:3.47675
Class5:2.0862896
ClassesLobby.Class1:2.3388903
Class1:3.7220132
Class2:1.9025297
Class3:3.184875
.
EventRoom:0
LobbyCafeteria:0
MainHall.Library:655
Class4:319
Class5:102
MainHall.Entrance:775
LobbyEventRoom.Hall:442
BackGate:401
Class1:410
Council:0
Class2:564
Class3:1401
ClassesLobby.Class5:549
ClassesLobby.Class4:847
ClassesLobby.Class3:1292
ClassesLobby.Class2:1061
MainGate:795
Council2:0
StudentsCafeteria:0
HallBackGate.Lobby:501
Library:0
ClassesLobby.Class1:784
ElevatorsLobby:0
HallBackGate.Cafeteria:0