Simulation time 60.009857
null:19.846998
ClassesLobby.Class3:2.2367063
MainGate:3.938018
LobbyCafeteria:1.4573616
MainHall.Library:0.5363182
MainHall.Entrance:1.8747505
Library:4.609056
ElevatorsLobby:24.142868
LobbyEventRoom.Hall:0.9760609
CafeteriaHall:43.34024
Class3:0.4031855
.
MainHall.Library:500
MainHall.Entrance:903
BackGate:1281
CafeteriaHall:210
MainGate:2141
ElevatorsLobby:306
ProfessorsCafeteria:729
Class4:849
LobbyCafeteria:452
Class5:977
LobbyEventRoom.Hall:268
Class1:732
Class2:531
Class3:671
ClassesLobby.Class5:460
ClassesLobby.Class4:268
ClassesLobby.Class3:275
ClassesLobby.Class2:481
HallBackGate.Lobby:462
ClassesLobby.Class1:711
